tga -> 800000 - 810000
800070
800089
800127
800218
800326
800377
800395
800464
800552
800605
800651
800698
800749
800796
800856
800915
800925
800935
801075
801123
801187
801213
801246
801312
801353
801373
801444
801449
801511
801514
801540
801555
801573
801588
801657
801660
801786
801838
801875
801934
802051
802112
802158
802375
802393
802412
802444
802493
802526
802624
802657
802789
802865
802952
803011
803057
803111
803228
803233
803354
803390
803428
803531
803724
803778
803849
803858
803893
803957
804041
804158
804161
804211
804216
804378
804459
804501
804543
804618
804636
804780
804813
804846
804868
804880
804885
804949
804988
804993
805045
805077
805113
805117
805128
805144
805231
805272
805323
805336
805369
805459
805497
805569
805836
805860
805894
805914
805936
805960
806023
806035
806262
806272
806445
806455
806505
806512
806517
806535
806538
806611
806616
806758
806783
806827
806853
806878
806983
806990
807037
807079
807100
807262
807320
807488
807512
807625
807664
807790
807823
808054
808075
808100
808170
808264
808387
808423
808463
808507
808618
808631
808738
808760
808862
808919
808942
808952
809030
809035
809038
809083
809117
809141
809248
809294
809363
809383
809530
809614
809722
809731
809755
809767
809840
809863
809965
809969
809981
tga -> 2510000 - 2520000
2510088
2510091
2510120
2510151
2510283
2510355
2510360
2510441
2510468
2510555
2510561
2510579
2510613
2510720
2510768
2510792
2510823
2510853
2510873
2510915
2510949
2511072
2511141
2511253
2511289
2511354
2511379
2511390
2511669
2511729
2511781
2511805
2511894
2511915
2511919
2511974
2512054
2512097
2512133
2512173
2512193
2512257
2512495
2512507
2512513
2512521
2512577
2512651
2512768
2512824
2512830
2512846
2512894
2512918
2512966
2513123
2513127
2513149
2513206
2513247
2513547
2513594
2513601
2513729
2513818
2513855
2513883
2513934
2513957
2513969
2514145
2514185
2514224
2514250
2514290
2514322
2514351
2514412
2514490
2514534
2514600
2514696
2514710
2514720
2514729
2514786
2514906
2514969
2514972
2515011
2515028
2515039
2515102
2515116
2515122
2515224
2515275
2515325
2515334
2515383
2515472
2515485
2515538
2515566
2515574
2515601
2515778
2515806
2515868
2515958
2515967
2515991
2516001
2516043
2516049
2516081
2516084
2516087
2516228
2516262
2516294
2516297
2516381
2516541
2516607
2516682
2516745
2516795
2516977
2516986
2517068
2517152
2517200
2517206
2517276
2517540
2517568
2517679
2517718
2517746
2517752
2517813
2517829
2517833
2517889
2517912
2517940
2518068
2518262
2518278
2518373
2518593
2518678
2518742
2518828
2518899
2518907
2518915
2518936
2519015
2519019
2519058
2519078
2519089
2519136
2519157
2519218
2519260
2519302
2519337
2519371
2519391
2519410
2519451
2519494
2519579
2519649
2519681
2519740
2519815
2519818
2519911
2519976
ttggat -> 800000 - 810000
801010
802906
1896